0
Eyeball 0 0 0 1 35 -100 1848
1
Eyeball -0.000751879 -0.000204778 -0.0014029 0.999999 35 -100 1848
2
Eyeball -0.00144861 -0.000571917 -0.0035249 0.999993 35 -100 1848
3
Eyeball -0.00117864 -0.000628837 -0.00514955 0.999986 35 -100 1848
4
Eyeball 0.000484502 -0.000179333 -0.00524804 0.999986 35 -100 1848
5
Eyeball 0.00346883 0.000816897 -0.00314254 0.999989 35 -100 1848
6
Eyeball 0.00707647 0.00210422 0.00119313 0.999972 35 -100 1848
7
Eyeball 0.0103259 0.00326777 0.00747814 0.999913 35 -100 1848
8
Eyeball 0.0123374 0.00392871 0.0147989 0.999807 35 -100 1848
9
Eyeball 0.0122686 0.00366657 0.0214106 0.999689 35 -100 1848
10
Eyeball 0.0103239 0.00267169 0.0250275 0.99963 35 -100 1848
11
Eyeball 0.00754514 0.00144335 0.0252324 0.999652 35 -100 1848
12
Eyeball 0.00557011 0.000364025 0.0223154 0.999735 35 -100 1848
13
Eyeball 0.00589721 -0.000659379 0.0169505 0.999839 35 -100 1848
14
Eyeball 0.00841742 -0.00173644 0.0104796 0.999908 35 -100 1848
15
Eyeball 0.0119968 -0.00293185 0.00407316 0.999915 35 -100 1848
16
Eyeball 0.0157528 -0.00435504 -0.000763526 0.999866 35 -100 1848
17
Eyeball 0.019645 -0.00601522 -0.00320274 0.999784 35 -100 1848
18
Eyeball 0.023063 -0.00790465 -0.00303823 0.999698 35 -100 1848
19
Eyeball 0.0256271 -0.00992594 -0.000464271 0.999622 35 -100 1848
20
Eyeball 0.0272357 -0.0119814 0.00378229 0.99955 35 -100 1848
21
Eyeball 0.0277856 -0.0140135 0.00862717 0.999478 35 -100 1848
22
Eyeball 0.0272249 -0.0160656 0.0128489 0.999418 35 -100 1848
23
Eyeball 0.0257927 -0.0180838 0.0155446 0.999383 35 -100 1848
24
Eyeball 0.0241426 -0.0199342 0.016341 0.999376 35 -100 1848
25
Eyeball 0.0228167 -0.0215524 0.0154943 0.999387 35 -100 1848
26
Eyeball 0.0220015 -0.0229661 0.013582 0.999402 35 -100 1848
27
Eyeball 0.0216549 -0.0242092 0.0112469 0.999409 35 -100 1848
28
Eyeball 0.0216122 -0.0253142 0.00900088 0.999405 35 -100 1848
29
Eyeball 0.0218965 -0.0262974 0.00725867 0.999388 35 -100 1848
30
Eyeball 0.0225334 -0.0271967 0.00634434 0.999356 35 -100 1848
31
Eyeball 0.0234319 -0.0280788 0.00631385 0.999311 35 -100 1848
32
Eyeball 0.0249118 -0.0288755 0.00632628 0.999253 35 -100 1848
33
Eyeball 0.0266515 -0.029654 0.00633339 0.999185 35 -100 1848
34
Eyeball 0.0283015 -0.0304747 0.00636476 0.999115 35 -100 1848
35
Eyeball 0.0295756 -0.0313654 0.00642846 0.99905 35 -100 1848
36
Eyeball 0.030665 -0.0322422 0.00559609 0.998994 35 -100 1848
37
Eyeball 0.0321243 -0.032929 0.00403428 0.998933 35 -100 1848
38
Eyeball 0.0336155 -0.0335141 0.00221457 0.99887 35 -100 1848
39
Eyeball 0.0348518 -0.0340976 0.000593825 0.99881 35 -100 1848
40
Eyeball 0.035773 -0.0347598 -0.000505044 0.998755 35 -100 1848
41
Eyeball 0.0364294 -0.0355358 -0.000893328 0.998704 35 -100 1848
42
Eyeball 0.0368632 -0.0364188 -0.000598788 0.998656 35 -100 1848
43
Eyeball 0.0371208 -0.0373634 0.000189598 0.998612 35 -100 1848
44
Eyeball 0.0370915 -0.0383295 0.00106967 0.998576 35 -100 1848
45
Eyeball 0.0367739 -0.039264 0.0017532 0.99855 35 -100 1848
46
Eyeball 0.0363044 -0.0401018 0.00209233 0.998534 35 -100 1848
47
Eyeball 0.0358266 -0.0408174 0.00207535 0.998522 35 -100 1848
48
Eyeball 0.0354512 -0.0414159 0.00179248 0.998511 35 -100 1848
49
Eyeball 0.0352373 -0.0419116 0.00127252 0.998499 35 -100 1848
50
Eyeball 0.035184 -0.0423538 0.000674328 0.998483 35 -100 1848
51
Eyeball 0.0352862 -0.0427856 0.000167569 0.998461 35 -100 1848
52
Eyeball 0.0355202 -0.0432286 -0.000126146 0.998434 35 -100 1848
53
Eyeball 0.0357942 -0.0437133 -0.000177173 0.998403 35 -100 1848
54
Eyeball 0.0360347 -0.0442455 -1.08863e-005 0.998371 35 -100 1848
55
Eyeball 0.0362079 -0.0448003 0.000294064 0.99834 35 -100 1848
56
Eyeball 0.0362766 -0.0453557 0.000638848 0.998312 35 -100 1848
57
Eyeball 0.0362276 -0.0458896 0.000938203 0.998289 35 -100 1848
58
Eyeball 0.0360877 -0.0463811 0.00113633 0.998271 35 -100 1848
59
Eyeball 0.0359033 -0.046814 0.00121691 0.998257 35 -100 1848
60
Eyeball 0.035711 -0.0471855 0.00119933 0.998247 35 -100 1848
61
Eyeball 0.0355357 -0.0475029 0.00111765 0.998238 35 -100 1848
62
Eyeball 0.0353945 -0.0477777 0.00100381 0.99823 35 -100 1848
63
Eyeball 0.0353122 -0.0480194 0.000895226 0.998222 35 -100 1848
64
Eyeball 0.0352991 -0.0482393 0.000820721 0.998212 35 -100 1848
65
Eyeball 0.0353452 -0.0484503 0.000797559 0.9982 35 -100 1848
66
Eyeball 0.0354275 -0.0486603 0.000826599 0.998187 35 -100 1848
67
Eyeball 0.0355134 -0.0488737 0.000893528 0.998173 35 -100 1848
68
Eyeball 0.0355827 -0.0490899 0.000980711 0.99816 35 -100 1848
69
Eyeball 0.0356271 -0.0493059 0.00107171 0.998148 35 -100 1848
70
Eyeball 0.0356496 -0.0495165 0.00115575 0.998136 35 -100 1848
71
Eyeball 0.0356614 -0.0497144 0.0012307 0.998126 35 -100 1848
72
Eyeball 0.0356771 -0.0498926 0.00129907 0.998116 35 -100 1848
73
Eyeball 0.035707 -0.0500479 0.00136531 0.998107 35 -100 1848
74
Eyeball 0.0357562 -0.0501813 0.00143569 0.998099 35 -100 1848
75
Eyeball 0.0358225 -0.0502975 0.00151387 0.99809 35 -100 1848
76
Eyeball 0.0359055 -0.0503989 0.00160165 0.998082 35 -100 1848
77
Eyeball 0.0359952 -0.0504896 0.00169395 0.998074 35 -100 1848
78
Eyeball 0.0360899 -0.0505703 0.00178908 0.998067 35 -100 1848
79
Eyeball 0.036188 -0.0506422 0.00188083 0.998059 35 -100 1848
80
Eyeball 0.0362885 -0.0507046 0.00195852 0.998052 35 -100 1848
81
Eyeball 0.0364611 -0.0507348 0.00200936 0.998044 35 -100 1848
82
Eyeball 0.0367271 -0.0507309 0.00204594 0.998035 35 -100 1848
83
Eyeball 0.0370179 -0.0507181 0.00207291 0.998025 35 -100 1848
84
Eyeball 0.0372829 -0.0507128 0.00209282 0.998015 35 -100 1848
85
Eyeball 0.0374979 -0.0507227 0.00210392 0.998006 35 -100 1848
86
Eyeball 0.0376584 -0.0507454 0.00210782 0.997999 35 -100 1848
87
Eyeball 0.0377722 -0.0507731 0.0021084 0.997993 35 -100 1848
88
Eyeball 0.0378488 -0.0507982 0.00210369 0.997989 35 -100 1848
89
Eyeball 0.0379673 -0.0507929 0.00206348 0.997985 35 -100 1848
90
Eyeball 0.038104 -0.0507678 0.00199553 0.997981 35 -100 1848
91
Eyeball 0.0382293 -0.0507345 0.00191669 0.997978 35 -100 1848
92
Eyeball 0.0383314 -0.0506964 0.00184051 0.997977 35 -100 1848
93
Eyeball 0.0384098 -0.0506529 0.00177272 0.997976 35 -100 1848
94
Eyeball 0.0384708 -0.0506003 0.00171373 0.997976 35 -100 1848
95
Eyeball 0.0385208 -0.0505332 0.00166186 0.997978 35 -100 1848
96
Eyeball 0.0385686 -0.0504484 0.00161753 0.99798 35 -100 1848
97
Eyeball 0.0386204 -0.0503449 0.00158349 0.997984 35 -100 1848
98
Eyeball 0.0386784 -0.0502221 0.0015578 0.997988 35 -100 1848
99
Eyeball 0.0387425 -0.0500815 0.00153809 0.997992 35 -100 1848
100
Eyeball 0.0388115 -0.0499255 0.00152181 0.997997 35 -100 1848
101
Eyeball 0.038881 -0.0497574 0.00150757 0.998003 35 -100 1848
102
Eyeball 0.0389481 -0.0495811 0.00149283 0.998009 35 -100 1848
103
Eyeball 0.0390128 -0.0494015 0.00147566 0.998016 35 -100 1848
104
Eyeball 0.0390756 -0.0492226 0.00145257 0.998022 35 -100 1848
105
Eyeball 0.0391374 -0.0490467 0.00142222 0.998028 35 -100 1848
106
Eyeball 0.0391968 -0.0488755 0.0013829 0.998035 35 -100 1848
107
Eyeball 0.0392505 -0.0487099 0.00133488 0.998041 35 -100 1848
108
Eyeball 0.0392979 -0.0485509 0.00128161 0.998047 35 -100 1848
109
Eyeball 0.0393367 -0.0483996 0.00122389 0.998052 35 -100 1848
110
Eyeball 0.0393682 -0.0482565 0.00116767 0.998058 35 -100 1848
111
Eyeball 0.0393957 -0.0481214 0.0011138 0.998064 35 -100 1848
112
Eyeball 0.039422 -0.047993 0.00106242 0.998069 35 -100 1848
113
Eyeball 0.0394482 -0.0478702 0.00101416 0.998074 35 -100 1848
114
Eyeball 0.0394748 -0.0477523 0.000969479 0.998078 35 -100 1848
115
Eyeball 0.0395027 -0.0476385 0.000928502 0.998083 35 -100 1848
116
Eyeball 0.0395324 -0.0475283 0.000891108 0.998087 35 -100 1848
117
Eyeball 0.0395638 -0.0474213 0.000858077 0.998091 35 -100 1848
118
Eyeball 0.0395966 -0.0473173 0.000829773 0.998094 35 -100 1848
119
Eyeball 0.0396308 -0.0472161 0.000804695 0.998098 35 -100 1848
120
Eyeball 0.0396662 -0.0471172 0.000781103 0.998101 35 -100 1848
121
Eyeball 0.0397029 -0.0470202 0.00075784 0.998104 35 -100 1848
122
Eyeball 0.0397409 -0.046925 0.000734227 0.998107 35 -100 1848
123
Eyeball 0.039779 -0.0468316 0.000708728 0.99811 35 -100 1848
124
Eyeball 0.0398175 -0.0467395 0.000681268 0.998113 35 -100 1848
125
Eyeball 0.0398569 -0.0466485 0.000652992 0.998116 35 -100 1848
126
Eyeball 0.0398975 -0.0465586 0.000624986 0.998118 35 -100 1848
127
Eyeball 0.0399393 -0.0464699 0.000599237 0.998121 35 -100 1848
128
Eyeball 0.0399825 -0.0463825 0.000577106 0.998123 35 -100 1848
129
Eyeball 0.0400268 -0.0462965 0.000559143 0.998125 35 -100 1848
130
Eyeball 0.0400721 -0.0462117 0.000544657 0.998127 35 -100 1848
131
Eyeball 0.0401181 -0.0461281 0.000532675 0.998129 35 -100 1848
132
Eyeball 0.0401647 -0.0460458 0.00052227 0.998131 35 -100 1848
133
Eyeball 0.0402116 -0.0459645 0.000512519 0.998133 35 -100 1848
134
Eyeball 0.0402586 -0.0458845 0.000503479 0.998135 35 -100 1848
135
Eyeball 0.0403055 -0.0458056 0.00049517 0.998137 35 -100 1848
136
Eyeball 0.0403525 -0.0457279 0.000487357 0.998138 35 -100 1848
137
Eyeball 0.0403995 -0.0456511 0.000479114 0.99814 35 -100 1848
138
Eyeball 0.0404465 -0.0455753 0.000469476 0.998142 35 -100 1848
139
Eyeball 0.0404935 -0.0455005 0.000458648 0.998143 35 -100 1848
140
Eyeball 0.0405405 -0.0454266 0.000446405 0.998145 35 -100 1848
141
Eyeball 0.0405874 -0.0453536 0.000432644 0.998146 35 -100 1848
142
Eyeball 0.0406335 -0.0452815 0.000417243 0.998147 35 -100 1848
143
Eyeball 0.0406779 -0.04521 0.000399172 0.998149 35 -100 1848
144
Eyeball 0.0407205 -0.0451391 0.00037788 0.99815 35 -100 1848
145
Eyeball 0.0407613 -0.0450683 0.000353447 0.998152 35 -100 1848
146
Eyeball 0.0408003 -0.0449978 0.000325696 0.998154 35 -100 1848
147
Eyeball 0.0408379 -0.0449274 0.000295215 0.998155 35 -100 1848
148
Eyeball 0.0408751 -0.0448571 0.000263767 0.998157 35 -100 1848
149
Eyeball 0.0409127 -0.0447869 0.000232844 0.998158 35 -100 1848
150
Eyeball 0.0409505 -0.0447171 0.000202888 0.99816 35 -100 1848
151
Eyeball 0.040989 -0.0446475 0.000174882 0.998162 35 -100 1848
152
Eyeball 0.041028 -0.0445782 0.000148654 0.998163 35 -100 1848
153
Eyeball 0.041068 -0.0445091 0.000125383 0.998164 35 -100 1848
154
Eyeball 0.0411092 -0.0444402 0.000105733 0.998166 35 -100 1848
155
Eyeball 0.0411509 -0.044372 9.14033e-005 0.998167 35 -100 1848
156
Eyeball 0.0411932 -0.0443045 8.17346e-005 0.998168 35 -100 1848
157
Eyeball 0.041232 -0.044238 7.12866e-005 0.99817 35 -100 1848
158
Eyeball 0.0412655 -0.0441722 5.57087e-005 0.998171 35 -100 1848
159
Eyeball 0.0412943 -0.0441063 3.30025e-005 0.998173 35 -100 1848
160
Eyeball 0.0413197 -0.04404 2.77571e-006 0.998175 35 -100 1848
161
Eyeball 0.0413426 -0.043973 -3.42839e-005 0.998177 35 -100 1848
162
Eyeball 0.0413636 -0.0439053 -7.6873e-005 0.998179 35 -100 1848
163
Eyeball 0.0413834 -0.0438371 -0.000123401 0.998181 35 -100 1848
164
Eyeball 0.0414044 -0.0437681 -0.000171367 0.998183 35 -100 1848
165
Eyeball 0.0414268 -0.0436989 -0.000219237 0.998185 35 -100 1848
166
Eyeball 0.041453 -0.0436295 -0.000263055 0.998187 35 -100 1848
167
Eyeball 0.0414842 -0.0435603 -0.000299971 0.998189 35 -100 1848
168
Eyeball 0.0415199 -0.0434918 -0.000328826 0.998191 35 -100 1848
169
Eyeball 0.0415455 -0.0434264 -0.000352051 0.998192 35 -100 1848
170
Eyeball 0.0415543 -0.0433642 -0.000372208 0.998195 35 -100 1848
171
Eyeball 0.0415473 -0.0433037 -0.000391362 0.998198 35 -100 1848
172
Eyeball 0.0415278 -0.0432437 -0.000411034 0.998201 35 -100 1848
173
Eyeball 0.041514 -0.0431809 -0.000429198 0.998204 35 -100 1848
174
Eyeball 0.0415148 -0.0431148 -0.000444393 0.998207 35 -100 1848
175
Eyeball 0.0415312 -0.0430466 -0.000455998 0.998209 35 -100 1848
176
Eyeball 0.0415608 -0.0429775 -0.000464007 0.998211 35 -100 1848
177
Eyeball 0.0415999 -0.0429087 -0.000468922 0.998212 35 -100 1848
178
Eyeball 0.0416315 -0.0428431 -0.000474762 0.998214 35 -100 1848
179
Eyeball 0.0416492 -0.0427807 -0.000485371 0.998216 35 -100 1848
180
Eyeball 0.0416549 -0.0427201 -0.000503532 0.998218 35 -100 1848
181
Eyeball 0.0416534 -0.0426599 -0.000530588 0.998221 35 -100 1848
182
Eyeball 0.0416473 -0.0425996 -0.000566355 0.998224 35 -100 1848
183
Eyeball 0.04164 -0.0425389 -0.000609812 0.998227 35 -100 1848
184
Eyeball 0.0416334 -0.0424778 -0.000659368 0.998229 35 -100 1848
185
Eyeball 0.0416323 -0.0424158 -0.000712525 0.998232 35 -100 1848
186
Eyeball 0.0416387 -0.0423533 -0.000767027 0.998234 35 -100 1848
187
Eyeball 0.0416516 -0.0422909 -0.000821117 0.998236 35 -100 1848
188
Eyeball 0.0416694 -0.0422292 -0.000873741 0.998238 35 -100 1848
189
Eyeball 0.0416894 -0.0421688 -0.000924624 0.99824 35 -100 1848
190
Eyeball 0.0417105 -0.0421096 -0.000973725 0.998241 35 -100 1848
191
Eyeball 0.0417339 -0.0420514 -0.00102043 0.998243 35 -100 1848
192
Eyeball 0.041761 -0.0419938 -0.00106367 0.998244 35 -100 1848
193
Eyeball 0.0417912 -0.041937 -0.00110364 0.998245 35 -100 1848
194
Eyeball 0.0418236 -0.0418811 -0.00114094 0.998246 35 -100 1848
195
Eyeball 0.0418554 -0.0418263 -0.00117716 0.998247 35 -100 1848
196
Eyeball 0.0418841 -0.041773 -0.001214 0.998248 35 -100 1848
197
Eyeball 0.0419089 -0.0417209 -0.00125257 0.998249 35 -100 1848
198
Eyeball 0.0419302 -0.0416698 -0.00129344 0.99825 35 -100 1848
199
Eyeball 0.0419491 -0.0416193 -0.0013367 0.998252 35 -100 1848
200
Eyeball 0.0419662 -0.0415694 -0.00138209 0.998253 35 -100 1848
201
Eyeball 0.0419813 -0.0415203 -0.00142934 0.998254 35 -100 1848
202
Eyeball 0.041997 -0.0414713 -0.00147747 0.998256 35 -100 1848
203
Eyeball 0.0420147 -0.0414225 -0.00152563 0.998257 35 -100 1848
204
Eyeball 0.0420345 -0.0413741 -0.00157319 0.998258 35 -100 1848
205
Eyeball 0.0420587 -0.041326 -0.00161759 0.998259 35 -100 1848
206
Eyeball 0.0420859 -0.0412787 -0.00165929 0.99826 35 -100 1848
207
Eyeball 0.0421155 -0.0412324 -0.00169874 0.99826 35 -100 1848
208
Eyeball 0.0421484 -0.041187 -0.00173511 0.998261 35 -100 1848
209
Eyeball 0.0421845 -0.0411429 -0.00176521 0.998261 35 -100 1848
210
Eyeball 0.042224 -0.0411002 -0.00178812 0.998261 35 -100 1848
211
Eyeball 0.0422666 -0.0410589 -0.00180416 0.998261 35 -100 1848
212
Eyeball 0.0423121 -0.0410187 -0.00181428 0.99826 35 -100 1848
213
Eyeball 0.0423597 -0.0409794 -0.00181937 0.99826 35 -100 1848
214
Eyeball 0.042409 -0.040941 -0.00182049 0.998259 35 -100 1848
215
Eyeball 0.0424591 -0.0409035 -0.00181706 0.998259 35 -100 1848
216
Eyeball 0.0425095 -0.0408671 -0.00180908 0.998258 35 -100 1848
217
Eyeball 0.0425598 -0.0408317 -0.00179718 0.998258 35 -100 1848
218
Eyeball 0.0426101 -0.040797 -0.00178223 0.998257 35 -100 1848
219
Eyeball 0.0426603 -0.0407629 -0.00176511 0.998256 35 -100 1848
220
Eyeball 0.0427104 -0.0407292 -0.00174663 0.998255 35 -100 1848
221
Eyeball 0.0427609 -0.0406956 -0.00172786 0.998255 35 -100 1848
222
Eyeball 0.0428105 -0.0406626 -0.00170813 0.998254 35 -100 1848
223
Eyeball 0.0428586 -0.0406302 -0.00168681 0.998253 35 -100 1848
224
Eyeball 0.0429054 -0.0405983 -0.00166381 0.998253 35 -100 1848
225
Eyeball 0.042951 -0.0405668 -0.00163917 0.998252 35 -100 1848
226
Eyeball 0.0429958 -0.0405355 -0.00161317 0.998251 35 -100 1848
227
Eyeball 0.0430399 -0.0405044 -0.0015861 0.998251 35 -100 1848
228
Eyeball 0.0430826 -0.0404736 -0.00155754 0.99825 35 -100 1848
229
Eyeball 0.0431214 -0.040444 -0.00152606 0.99825 35 -100 1848
230
Eyeball 0.043157 -0.0404151 -0.00149152 0.998249 35 -100 1848
231
Eyeball 0.0431909 -0.040386 -0.0014548 0.998249 35 -100 1848
232
Eyeball 0.0432231 -0.0403571 -0.00141608 0.998249 35 -100 1848
233
Eyeball 0.0432537 -0.0403282 -0.00137558 0.998249 35 -100 1848
234
Eyeball 0.0432862 -0.0402985 -0.00133567 0.998249 35 -100 1848
235
Eyeball 0.0433173 -0.040269 -0.0012956 0.998249 35 -100 1848
236
Eyeball 0.0433472 -0.0402386 -0.00126453 0.998249 35 -100 1848
237
Eyeball 0.0433804 -0.0402062 -0.00124395 0.998248 35 -100 1848
238
Eyeball 0.0434189 -0.040172 -0.00123354 0.998248 35 -100 1848
239
Eyeball 0.0434614 -0.0401365 -0.00123057 0.998248 35 -100 1848
240
Eyeball 0.0435041 -0.0401014 -0.00122926 0.998247 35 -100 1848
241
Eyeball 0.0435451 -0.0400676 -0.00122523 0.998247 35 -100 1848
242
Eyeball 0.0435842 -0.0400351 -0.00121635 0.998247 35 -100 1848
243
Eyeball 0.0436219 -0.0400036 -0.00120197 0.998246 35 -100 1848
244
Eyeball 0.0436589 -0.0399729 -0.00118243 0.998246 35 -100 1848
245
Eyeball 0.0436959 -0.0399428 -0.00115858 0.998245 35 -100 1848
246
Eyeball 0.0437333 -0.039913 -0.00113144 0.998245 35 -100 1848
247
Eyeball 0.0437706 -0.0398835 -0.00110148 0.998245 35 -100 1848
248
Eyeball 0.0438068 -0.0398547 -0.00106864 0.998244 35 -100 1848
249
Eyeball 0.0438417 -0.0398265 -0.00103319 0.998244 35 -100 1848
250
Eyeball 0.0438753 -0.0397985 -0.000995652 0.998243 35 -100 1848
251
Eyeball 0.0439084 -0.0397706 -0.000956794 0.998243 35 -100 1848
252
Eyeball 0.0439425 -0.0397424 -0.000918062 0.998243 35 -100 1848
253
Eyeball 0.0439783 -0.0397138 -0.000880449 0.998242 35 -100 1848
254
Eyeball 0.0440155 -0.0396848 -0.000844374 0.998242 35 -100 1848
255
Eyeball 0.0440542 -0.0396553 -0.000810317 0.998241 35 -100 1848
256
Eyeball 0.0440922 -0.0396262 -0.000777037 0.998241 35 -100 1848
257
Eyeball 0.0441285 -0.0395976 -0.000743398 0.998241 35 -100 1848
258
Eyeball 0.0441641 -0.0395692 -0.000709684 0.99824 35 -100 1848
259
Eyeball 0.0441998 -0.0395407 -0.000676307 0.99824 35 -100 1848
260
Eyeball 0.0442364 -0.0395119 -0.000643967 0.998239 35 -100 1848
261
Eyeball 0.0442724 -0.0394833 -0.000611697 0.998239 35 -100 1848
262
Eyeball 0.0443068 -0.0394553 -0.000578603 0.998238 35 -100 1848
263
Eyeball 0.0443396 -0.0394276 -0.000544306 0.998238 35 -100 1848
264
Eyeball 0.0443744 -0.0393993 -0.000511552 0.998238 35 -100 1848
265
Eyeball 0.0444124 -0.03937 -0.000482467 0.998237 35 -100 1848
266
Eyeball 0.0444532 -0.0393398 -0.000457781 0.998236 35 -100 1848
267
Eyeball 0.044494 -0.0393097 -0.000435385 0.998236 35 -100 1848
268
Eyeball 0.0445333 -0.0392802 -0.000413265 0.998235 35 -100 1848
269
Eyeball 0.0445709 -0.0392514 -0.00039025 0.998235 35 -100 1848
270
Eyeball 0.0445948 -0.0392252 -0.000368017 0.998235 35 -100 1848
271
Eyeball 0.0446001 -0.0392011 -0.000348076 0.998235 35 -100 1848
272
Eyeball 0.0445894 -0.0391778 -0.00033182 0.998237 35 -100 1848
273
Eyeball 0.0445658 -0.0391545 -0.00032086 0.998239 35 -100 1848
274
Eyeball 0.0445312 -0.0391312 -0.000315254 0.998241 35 -100 1848
275
Eyeball 0.0444889 -0.0391075 -0.000313977 0.998244 35 -100 1848
276
Eyeball 0.0444416 -0.0390832 -0.000315913 0.998247 35 -100 1848
277
Eyeball 0.0443912 -0.0390586 -0.000320091 0.99825 35 -100 1848
278
Eyeball 0.044353 -0.039031 -0.00032535 0.998253 35 -100 1848
279
Eyeball 0.0443336 -0.0390006 -0.00033119 0.998255 35 -100 1848
280
Eyeball 0.0443317 -0.0389687 -0.000336543 0.998256 35 -100 1848
281
Eyeball 0.044343 -0.038937 -0.000339462 0.998257 35 -100 1848
282
Eyeball 0.044363 -0.0389067 -0.000337393 0.998258 35 -100 1848
283
Eyeball 0.044389 -0.0388782 -0.00032856 0.998257 35 -100 1848
284
Eyeball 0.0444212 -0.0388508 -0.000315483 0.998257 35 -100 1848
285
Eyeball 0.0444449 -0.038827 -0.000299874 0.998257 35 -100 1848
286
Eyeball 0.044453 -0.0388067 -0.000283213 0.998257 35 -100 1848
287
Eyeball 0.0444462 -0.0387885 -0.000267317 0.998258 35 -100 1848
288
Eyeball 0.0444276 -0.0387711 -0.000254419 0.99826 35 -100 1848
289
Eyeball 0.0443983 -0.0387543 -0.000245449 0.998262 35 -100 1848
290
Eyeball 0.0443612 -0.0387376 -0.000240016 0.998264 35 -100 1848
291
Eyeball 0.0443188 -0.0387207 -0.000237596 0.998267 35 -100 1848
292
Eyeball 0.044273 -0.0387035 -0.000237729 0.998269 35 -100 1848
293
Eyeball 0.0442388 -0.0386834 -0.000239046 0.998272 35 -100 1848
294
Eyeball 0.0442231 -0.0386604 -0.000240949 0.998273 35 -100 1848
295
Eyeball 0.0442265 -0.0386354 -0.000244719 0.998274 35 -100 1848
296
Eyeball 0.0442458 -0.0386095 -0.000250096 0.998274 35 -100 1848
297
Eyeball 0.0442762 -0.038584 -0.000255571 0.998274 35 -100 1848
298
Eyeball 0.0443132 -0.0385589 -0.000259814 0.998273 35 -100 1848
299
Eyeball 0.0443412 -0.0385385 -0.000261273 0.998273 35 -100 1848
300
Eyeball 0.0443525 -0.0385232 -0.000259003 0.998273 35 -100 1848
301
Eyeball 0.0443469 -0.0385107 -0.00025368 0.998274 35 -100 1848
302
Eyeball 0.0443281 -0.0384996 -0.000248099 0.998275 35 -100 1848
303
Eyeball 0.0442987 -0.0384891 -0.000243208 0.998277 35 -100 1848
304
Eyeball 0.0442617 -0.0384786 -0.000239218 0.998279 35 -100 1848
305
Eyeball 0.0442331 -0.0384654 -0.000235534 0.99828 35 -100 1848
306
Eyeball 0.0442208 -0.038449 -0.000232235 0.998282 35 -100 1848
307
Eyeball 0.0442259 -0.0384303 -0.000231213 0.998282 35 -100 1848
308
Eyeball 0.0442464 -0.0384103 -0.000232287 0.998282 35 -100 1848
309
Eyeball 0.0442771 -0.0383896 -0.000233851 0.998281 35 -100 1848
310
Eyeball 0.0443011 -0.0383728 -0.000234096 0.998281 35 -100 1848
311
Eyeball 0.0443102 -0.0383607 -0.000231795 0.998281 35 -100 1848
312
Eyeball 0.0443038 -0.0383513 -0.000227533 0.998282 35 -100 1848
313
Eyeball 0.0442846 -0.0383434 -0.000223514 0.998283 35 -100 1848
314
Eyeball 0.044255 -0.0383362 -0.000220095 0.998284 35 -100 1848
315
Eyeball 0.0442181 -0.0383292 -0.000217328 0.998286 35 -100 1848
316
Eyeball 0.0441896 -0.0383195 -0.000214536 0.998288 35 -100 1848
317
Eyeball 0.0441773 -0.0383066 -0.000211795 0.998289 35 -100 1848
318
Eyeball 0.0441823 -0.0382915 -0.000210853 0.998289 35 -100 1848
319
Eyeball 0.0442025 -0.0382748 -0.000211802 0.998289 35 -100 1848
320
Eyeball 0.044233 -0.0382573 -0.000213159 0.998288 35 -100 1848
321
Eyeball 0.0442704 -0.0382397 -0.00021384 0.998287 35 -100 1848
322
Eyeball 0.0442991 -0.0382267 -0.000212112 0.998287 35 -100 1848
323
Eyeball 0.0443119 -0.0382193 -0.000207345 0.998286 35 -100 1848
324
Eyeball 0.0443082 -0.0382149 -0.000200517 0.998287 35 -100 1848
325
Eyeball 0.0442907 -0.0382116 -0.000194226 0.998288 35 -100 1848
326
Eyeball 0.044262 -0.0382087 -0.000188962 0.998289 35 -100 1848
327
Eyeball 0.0442254 -0.0382056 -0.000184737 0.998291 35 -100 1848
328
Eyeball 0.0441833 -0.0382021 -0.000181711 0.998293 35 -100 1848
329
Eyeball 0.0441515 -0.0381955 -0.000179185 0.998294 35 -100 1848
330
Eyeball 0.044137 -0.0381856 -0.000177125 0.998295 35 -100 1848
331
Eyeball 0.0441407 -0.0381734 -0.00017684 0.998296 35 -100 1848
332
Eyeball 0.04416 -0.0381595 -0.000178537 0.998295 35 -100 1848
333
Eyeball 0.0441899 -0.0381445 -0.000180763 0.998295 35 -100 1848
334
Eyeball 0.0442271 -0.0381296 -0.000182327 0.998294 35 -100 1848
335
Eyeball 0.0442556 -0.0381194 -0.000181574 0.998293 35 -100 1848
336
Eyeball 0.0442684 -0.0381147 -0.000177575 0.998292 35 -100 1848
337
Eyeball 0.0442652 -0.0381136 -0.000171355 0.998293 35 -100 1848
338
Eyeball 0.0442478 -0.0381136 -0.000165438 0.998293 35 -100 1848
339
Eyeball 0.0442193 -0.0381138 -0.000160284 0.998295 35 -100 1848
340
Eyeball 0.0441826 -0.0381139 -0.000155972 0.998296 35 -100 1848
341
Eyeball 0.0441406 -0.0381134 -0.00015273 0.998298 35 -100 1848
342
Eyeball 0.0441087 -0.0381098 -0.000149929 0.9983 35 -100 1848
343
Eyeball 0.0440941 -0.0381029 -0.00014758 0.9983 35 -100 1848
344
Eyeball 0.0440976 -0.0380936 -0.000146876 0.998301 35 -100 1848
345
Eyeball 0.0441164 -0.0380822 -0.000148265 0.9983 35 -100 1848
346
Eyeball 0.0441461 -0.0380697 -0.000150259 0.998299 35 -100 1848
347
Eyeball 0.0382257 -0.038668 -0.00431352 0.998511 35 -100 1848
348
Eyeball 0.0243661 -0.0398811 -0.0151216 0.998793 35 -100 1848
349
Eyeball 0.0045793 -0.0411908 -0.0317512 0.998636 35 -100 1848
350
Eyeball -0.0161484 -0.0422942 -0.0501911 0.997713 35 -100 1848
351
Eyeball -0.0356853 -0.0448108 -0.0679026 0.996046 35 -100 1848
352
Eyeball -0.0549526 -0.0503242 -0.0852752 0.993567 35 -100 1848
353
Eyeball -0.0700892 -0.0559667 -0.0989253 0.991044 35 -100 1848
354
Eyeball -0.0817929 -0.0611047 -0.108881 0.988798 35 -100 1848
355
Eyeball -0.0902058 -0.0652136 -0.116066 0.986985 35 -100 1848
356
Eyeball -0.095848 -0.0680899 -0.120381 0.985741 35 -100 1848
357
Eyeball -0.100296 -0.070133 -0.122565 0.984886 35 -100 1848
358
Eyeball -0.10425 -0.0715792 -0.123691 0.98423 35 -100 1848
359
Eyeball -0.107252 -0.0723005 -0.124136 0.983799 35 -100 1848
360
Eyeball -0.109376 -0.0726251 -0.123272 0.983649 35 -100 1848
361
Eyeball -0.111064 -0.0727841 -0.122057 0.9836 35 -100 1848
362
Eyeball -0.111764 -0.0728898 -0.120256 0.983735 35 -100 1848
363
Eyeball -0.111638 -0.0731887 -0.117649 0.984042 35 -100 1848
364
Eyeball -0.111178 -0.0735897 -0.115292 0.984343 35 -100 1848
365
Eyeball -0.110592 -0.0740745 -0.113547 0.984576 35 -100 1848
366
Eyeball -0.109996 -0.0746221 -0.112473 0.984724 35 -100 1848
367
Eyeball -0.109421 -0.0751833 -0.111897 0.984811 35 -100 1848
368
Eyeball -0.108888 -0.0757278 -0.111634 0.984859 35 -100 1848
369
Eyeball -0.108403 -0.0762389 -0.111544 0.984883 35 -100 1848
370
Eyeball -0.107939 -0.0767317 -0.11146 0.984905 35 -100 1848
371
Eyeball -0.107502 -0.0772236 -0.111294 0.984933 35 -100 1848
372
Eyeball -0.107074 -0.0777018 -0.111059 0.984969 35 -100 1848
373
Eyeball -0.106695 -0.0781544 -0.110829 0.985 35 -100 1848
374
Eyeball -0.106382 -0.0785714 -0.110619 0.985024 35 -100 1848
375
Eyeball -0.106135 -0.0789415 -0.110428 0.985043 35 -100 1848
376
Eyeball -0.105933 -0.0792585 -0.110243 0.98506 35 -100 1848
377
Eyeball -0.105765 -0.0795238 -0.110067 0.985076 35 -100 1848
378
Eyeball -0.105626 -0.0797412 -0.109907 0.985091 35 -100 1848
379
Eyeball -0.105512 -0.0799156 -0.10977 0.985105 35 -100 1848
380
Eyeball -0.10542 -0.0800525 -0.109659 0.985116 35 -100 1848
381
Eyeball -0.105349 -0.0801587 -0.109571 0.985125 35 -100 1848
382
Eyeball -0.105295 -0.0802417 -0.109496 0.985132 35 -100 1848
383
Eyeball -0.105257 -0.080306 -0.109425 0.985139 35 -100 1848
384
Eyeball -0.105231 -0.080355 -0.109356 0.985145 35 -100 1848
385
Eyeball -0.105213 -0.0803908 -0.10929 0.985151 35 -100 1848
386
Eyeball -0.1052 -0.0804163 -0.109228 0.985158 35 -100 1848
387
Eyeball -0.10519 -0.0804335 -0.10917 0.985164 35 -100 1848
388
Eyeball -0.10518 -0.0804441 -0.109117 0.98517 35 -100 1848
389
Eyeball -0.105169 -0.0804505 -0.109068 0.985176 35 -100 1848
390
Eyeball -0.105157 -0.0804542 -0.10902 0.985182 35 -100 1848
391
Eyeball -0.105144 -0.0804561 -0.108974 0.985188 35 -100 1848
392
Eyeball -0.105128 -0.0804566 -0.108931 0.985195 35 -100 1848
393
Eyeball -0.105109 -0.0804563 -0.108892 0.985201 35 -100 1848
394
Eyeball -0.105087 -0.0804552 -0.108856 0.985208 35 -100 1848
395
Eyeball -0.105062 -0.0804539 -0.108822 0.985214 35 -100 1848
396
Eyeball -0.105034 -0.080453 -0.10879 0.985221 35 -100 1848
397
Eyeball -0.105008 -0.0804539 -0.108756 0.985227 35 -100 1848
398
Eyeball -0.104981 -0.080453 -0.108729 0.985233 35 -100 1848
399
Eyeball -0.104953 -0.0804492 -0.108711 0.985238 35 -100 1848
400
Eyeball -0.104925 -0.0804435 -0.108702 0.985243 35 -100 1848
401
Eyeball -0.104897 -0.0804362 -0.108697 0.985247 35 -100 1848
402
Eyeball -0.104867 -0.0804279 -0.108695 0.985251 35 -100 1848
403
Eyeball -0.104835 -0.0804195 -0.108693 0.985255 35 -100 1848
404
Eyeball -0.104802 -0.0804114 -0.108691 0.98526 35 -100 1848
405
Eyeball -0.104767 -0.0804044 -0.108686 0.985265 35 -100 1848
406
Eyeball -0.104732 -0.0803989 -0.108678 0.98527 35 -100 1848
407
Eyeball -0.104697 -0.0803949 -0.108666 0.985275 35 -100 1848
408
Eyeball -0.104661 -0.0803927 -0.108651 0.985281 35 -100 1848
409
Eyeball -0.104626 -0.080392 -0.108633 0.985287 35 -100 1848
410
Eyeball -0.10459 -0.080392 -0.108612 0.985293 35 -100 1848
411
Eyeball -0.104554 -0.0803923 -0.108592 0.985299 35 -100 1848
412
Eyeball -0.104518 -0.0803927 -0.108572 0.985305 35 -100 1848
413
Eyeball -0.104481 -0.0803934 -0.108553 0.985311 35 -100 1848
414
Eyeball -0.104444 -0.0803947 -0.108532 0.985317 35 -100 1848
415
Eyeball -0.104407 -0.0803965 -0.10851 0.985323 35 -100 1848
416
Eyeball -0.104371 -0.080399 -0.108487 0.985329 35 -100 1848
417
Eyeball -0.104336 -0.0804027 -0.10846 0.985335 35 -100 1848
418
Eyeball -0.104308 -0.0804081 -0.108429 0.985341 35 -100 1848
419
Eyeball -0.104284 -0.0804133 -0.108393 0.985347 35 -100 1848
420
Eyeball -0.104262 -0.0804169 -0.108355 0.985354 35 -100 1848
421
Eyeball -0.104239 -0.0804184 -0.10832 0.98536 35 -100 1848
422
Eyeball -0.104214 -0.0804185 -0.108286 0.985366 35 -100 1848
423
Eyeball -0.104187 -0.0804178 -0.108255 0.985372 35 -100 1848
424
Eyeball -0.104158 -0.0804171 -0.108226 0.985379 35 -100 1848
425
Eyeball -0.104127 -0.0804167 -0.108199 0.985385 35 -100 1848
426
Eyeball -0.104094 -0.0804169 -0.108173 0.985391 35 -100 1848
427
Eyeball -0.10406 -0.0804178 -0.108148 0.985398 35 -100 1848
428
Eyeball -0.104024 -0.0804196 -0.108123 0.985404 35 -100 1848
429
Eyeball -0.103988 -0.0804223 -0.1081 0.98541 35 -100 1848
430
Eyeball -0.10395 -0.0804258 -0.108076 0.985416 35 -100 1848
431
Eyeball -0.103916 -0.0804314 -0.10805 0.985422 35 -100 1848
432
Eyeball -0.103886 -0.0804388 -0.108019 0.985428 35 -100 1848
433
Eyeball -0.10386 -0.0804466 -0.107984 0.985434 35 -100 1848
434
Eyeball -0.103839 -0.0804537 -0.107945 0.98544 35 -100 1848
435
Eyeball -0.10382 -0.0804599 -0.107904 0.985446 35 -100 1848
436
Eyeball -0.103805 -0.0804651 -0.107861 0.985452 35 -100 1848
437
Eyeball -0.10379 -0.0804687 -0.107818 0.985458 35 -100 1848
438
Eyeball -0.103775 -0.0804713 -0.107777 0.985464 35 -100 1848
439
Eyeball -0.103759 -0.0804736 -0.107735 0.98547 35 -100 1848
440
Eyeball -0.103742 -0.0804761 -0.107693 0.985476 35 -100 1848
441
Eyeball -0.103724 -0.0804789 -0.107652 0.985482 35 -100 1848
442
Eyeball -0.103706 -0.0804823 -0.107611 0.985489 35 -100 1848
443
Eyeball -0.103689 -0.0804865 -0.10757 0.985494 35 -100 1848
444
Eyeball -0.103675 -0.0804912 -0.107527 0.9855 35 -100 1848
445
Eyeball -0.103663 -0.0804957 -0.107484 0.985506 35 -100 1848
446
Eyeball -0.103652 -0.0805 -0.10744 0.985511 35 -100 1848
447
Eyeball -0.10364 -0.0805039 -0.107396 0.985517 35 -100 1848
448
Eyeball -0.103627 -0.0805078 -0.107352 0.985523 35 -100 1848
449
Eyeball -0.103612 -0.0805121 -0.107309 0.985529 35 -100 1848
450
Eyeball -0.103595 -0.0805171 -0.107267 0.985535 35 -100 1848
451
Eyeball -0.103584 -0.0805225 -0.10723 0.98554 35 -100 1848
452
Eyeball -0.103582 -0.0805271 -0.107197 0.985543 35 -100 1848
453
Eyeball -0.10359 -0.080529 -0.107168 0.985545 35 -100 1848
